-------------------------------------------------------------------
 Info: To run c tagging on MiniAOD, c-tag-specific IVF secondary
       vertices will be remade.
-------------------------------------------------------------------
test1
test2
test3
test4
test5
Will recalculate the following discriminators on AK8 jets: pfParticleNetMassRegressionJetTags:mass
test9
test8
False
|---- jetToolbox: Initializing collection... (with postfix )
|---- jetToolBox: Adding these btag discriminators: ['pfDeepCSVJetTags:probb', 'pfDeepCSVJetTags:probbb', 'pfDeepCSVJetTags:probc', 'pfDeepCSVJetTags:probudsg'] in the jet collection.
|---- jetToolBox: DeepCSV and DeepFlavour btag discriminators were trained for AK4 CHS jets. You are trying to use it in other configuration. Use it at your own risk.
test11
|---- jetToolBox: JETTOOLBOX RUNNING ON MiniAOD FOR AK4 JETS USING Puppi
|---- jetToolBox: Applying these corrections: ('AK4PFPuppi', ['L2Relative', 'L3Absolute', 'L2L3Residual'], 'None')
|---- jetToolBox: Creating selectedPatJetsAK4PFPuppi collection.
[1m|---- jetToolBox: RUNNING FROM MINIAOD BUT STORING VARIABLES IN NANOAOD FORMAT.[0m
test12
************** MC dependence removal ************
removing MC dependencies for jets
|---- jetToolBox: List of modules created (and other internal names):
      PATJetsLabel = AK4PFPuppi
      PATJetsLabelPost = AK4PFPuppi
      SubstructureLabel = AK4Puppi
      GenJetsNoNu = ak4GenJetsNoNu
      PFJets = ak4PFJetsPuppi
      PFJetsConstituents = ak4PFJetsPuppiConstituents
      PFJetsConstituentsColon = ak4PFJetsPuppiConstituents:constituents
      PFJetsConstituentsColonOrUpdate = ak4PFJetsPuppiConstituents:constituents
      PATJets = patJetsAK4PFPuppi
      selPATJets = selectedPatJetsAK4PFPuppi
      PFJetsOrUpdate = ak4PFJetsPuppi
      looseJetId = patJetsAK4PFPuppilooseJetId
      tightJetId = patJetsAK4PFPuppitightJetId
      tightJetIdLepVeto = patJetsAK4PFPuppitightJetIdLepVeto
      PATJetswithUserData = patJetsAK4PFPuppiPATJetswithUserData
      jetToolboxJetTable = selectedPatJetsAK4PFPuppiJTBTable
test8
False
|---- jetToolbox: Initializing collection... (with postfix )
|---- jetToolBox: Adding these btag discriminators: ['pfCombinedInclusiveSecondaryVertexV2BJetTags', 'pfCombinedCvsLJetTags', 'pfCombinedCvsBJetTags'] in the subjet collection.
|---- jetToolBox: Adding these btag discriminators: ['pfBoostedDoubleSecondaryVertexAK8BJetTags'] in the jet collection.
test11
|---- jetToolBox: JETTOOLBOX RUNNING ON MiniAOD FOR AK8 JETS USING Puppi
|---- jetToolBox: Applying these corrections: ('AK8PFPuppi', ['L2Relative', 'L3Absolute', 'L2L3Residual'], 'None')
|---- jetToolBox: Creating packedPatJetsAK8PFPuppiSoftDrop collection with SoftDrop subjets.
|---- jetToolBox: Running ak8PFJetsPuppiSoftDropMass, selectedPatJetsAK8PFPuppiSoftDropPacked:SubJets, ak8PFJetsPuppiPrunedMass, NjettinessAK8Puppi, nb1AK8PuppiSoftDrop, nb1AK8PuppiSoftDropSubjets.
|---- jetToolBox: Creating selectedPatJetsAK8PFPuppi collection.
[1m|---- jetToolBox: RUNNING FROM MINIAOD BUT STORING VARIABLES IN NANOAOD FORMAT.[0m
test12
************** MC dependence removal ************
removing MC dependencies for jets
test10
test6
test7
16-Jan-2022 16:50:01 EST  Initiating request to open file file:/cms/se/phedex/store/data/Run2018A/EGamma/MINIAOD/UL2018_MiniAODv2-v1/230000/1DC29AF8-7091-4245-A0D8-CFDF650310CC.root
16-Jan-2022 16:50:05 EST  Successfully opened file file:/cms/se/phedex/store/data/Run2018A/EGamma/MINIAOD/UL2018_MiniAODv2-v1/230000/1DC29AF8-7091-4245-A0D8-CFDF650310CC.root
                         : Booking "muonMVATTH" of type "BDT" from /cvmfs/cms.cern.ch/slc7_amd64_gcc820/cms/cmssw-patch/CMSSW_10_6_29_patch1/external/slc7_amd64_gcc820/data/PhysicsTools/NanoAOD/data/mu_BDTG_2017.weights.xml.
                         : Reading weight file: /cvmfs/cms.cern.ch/slc7_amd64_gcc820/cms/cmssw-patch/CMSSW_10_6_29_patch1/external/slc7_amd64_gcc820/data/PhysicsTools/NanoAOD/data/mu_BDTG_2017.weights.xml
<HEADER> DataSetInfo              : [Default] : Added class "Signal"
<HEADER> DataSetInfo              : [Default] : Added class "Background"
                         : Booked classifier "BDTG" of type: "BDT"
                         : Booking "muonMVALowPt" of type "BDT" from /cvmfs/cms.cern.ch/slc7_amd64_gcc820/cms/cmssw-patch/CMSSW_10_6_29_patch1/external/slc7_amd64_gcc820/data/PhysicsTools/NanoAOD/data/mu_BDTG_lowpt.weights.xml.
                         : Reading weight file: /cvmfs/cms.cern.ch/slc7_amd64_gcc820/cms/cmssw-patch/CMSSW_10_6_29_patch1/external/slc7_amd64_gcc820/data/PhysicsTools/NanoAOD/data/mu_BDTG_lowpt.weights.xml
<HEADER> DataSetInfo              : [Default] : Added class "Signal"
<HEADER> DataSetInfo              : [Default] : Added class "Background"
                         : Booked classifier "BDTG" of type: "BDT"
                         : Booking "electronMVATTH" of type "BDT" from /cvmfs/cms.cern.ch/slc7_amd64_gcc820/cms/cmssw-patch/CMSSW_10_6_29_patch1/external/slc7_amd64_gcc820/data/PhysicsTools/NanoAOD/data/el_BDTG_2017.weights.xml.
                         : Reading weight file: /cvmfs/cms.cern.ch/slc7_amd64_gcc820/cms/cmssw-patch/CMSSW_10_6_29_patch1/external/slc7_amd64_gcc820/data/PhysicsTools/NanoAOD/data/el_BDTG_2017.weights.xml
<HEADER> DataSetInfo              : [Default] : Added class "Signal"
<HEADER> DataSetInfo              : [Default] : Added class "Background"
                         : Booked classifier "BDTG" of type: "BDT"
%MSG-e L1PrefireWeightProducer:  L1PrefiringWeightProducer:prefiringweight@ctor  16-Jan-2022 16:50:12 EST pre-events
Photon map not found. All photons prefiring weights set to 0. 
%MSG
%MSG-e L1PrefireWeightProducer:  L1PrefiringWeightProducer:prefiringweight@ctor  16-Jan-2022 16:50:12 EST pre-events
Jet map not found. All jets prefiring weights set to 0. 
%MSG
Begin processing the 1st record. Run 316701, Event 407570858, LumiSection 283 on stream 0 at 16-Jan-2022 16:50:33.521 EST
%MSG-w TriggerOutputBranches:  NanoAODOutputModule:NANOAODoutput  16-Jan-2022 16:50:41 EST Run: 316701 Event: 407570858
Found a branch with name Flag_HBHENoiseFilter already present with title Trigger/flag bit (process: PAT): will add suffix _pRECO to the new branch.

%MSG
%MSG-w TriggerOutputBranches:  NanoAODOutputModule:NANOAODoutput  16-Jan-2022 16:50:41 EST Run: 316701 Event: 407570858
Found a branch with name Flag_HBHENoiseIsoFilter already present with title Trigger/flag bit (process: PAT): will add suffix _pRECO to the new branch.

%MSG
%MSG-w TriggerOutputBranches:  NanoAODOutputModule:NANOAODoutput  16-Jan-2022 16:50:41 EST Run: 316701 Event: 407570858
Found a branch with name Flag_CSCTightHaloFilter already present with title Trigger/flag bit (process: PAT): will add suffix _pRECO to the new branch.

%MSG
%MSG-w TriggerOutputBranches:  NanoAODOutputModule:NANOAODoutput  16-Jan-2022 16:50:41 EST Run: 316701 Event: 407570858
Found a branch with name Flag_CSCTightHaloTrkMuUnvetoFilter already present with title Trigger/flag bit (process: PAT): will add suffix _pRECO to the new branch.

%MSG
%MSG-w TriggerOutputBranches:  NanoAODOutputModule:NANOAODoutput  16-Jan-2022 16:50:41 EST Run: 316701 Event: 407570858
Found a branch with name Flag_CSCTightHalo2015Filter already present with title Trigger/flag bit (process: PAT): will add suffix _pRECO to the new branch.

%MSG
%MSG-w TriggerOutputBranches:  NanoAODOutputModule:NANOAODoutput  16-Jan-2022 16:50:41 EST Run: 316701 Event: 407570858
Found a branch with name Flag_globalTightHalo2016Filter already present with title Trigger/flag bit (process: PAT): will add suffix _pRECO to the new branch.

%MSG
%MSG-w TriggerOutputBranches:  NanoAODOutputModule:NANOAODoutput  16-Jan-2022 16:50:41 EST Run: 316701 Event: 407570858
Found a branch with name Flag_globalSuperTightHalo2016Filter already present with title Trigger/flag bit (process: PAT): will add suffix _pRECO to the new branch.

%MSG
%MSG-w TriggerOutputBranches:  NanoAODOutputModule:NANOAODoutput  16-Jan-2022 16:50:41 EST Run: 316701 Event: 407570858
Found a branch with name Flag_HcalStripHaloFilter already present with title Trigger/flag bit (process: PAT): will add suffix _pRECO to the new branch.

%MSG
%MSG-w TriggerOutputBranches:  NanoAODOutputModule:NANOAODoutput  16-Jan-2022 16:50:41 EST Run: 316701 Event: 407570858
Found a branch with name Flag_hcalLaserEventFilter already present with title Trigger/flag bit (process: PAT): will add suffix _pRECO to the new branch.

%MSG
%MSG-w TriggerOutputBranches:  NanoAODOutputModule:NANOAODoutput  16-Jan-2022 16:50:41 EST Run: 316701 Event: 407570858
Found a branch with name Flag_EcalDeadCellTriggerPrimitiveFilter already present with title Trigger/flag bit (process: PAT): will add suffix _pRECO to the new branch.

%MSG
%MSG-w TriggerOutputBranches:  NanoAODOutputModule:NANOAODoutput  16-Jan-2022 16:50:41 EST Run: 316701 Event: 407570858
Found a branch with name Flag_EcalDeadCellBoundaryEnergyFilter already present with title Trigger/flag bit (process: PAT): will add suffix _pRECO to the new branch.

%MSG
%MSG-w TriggerOutputBranches:  NanoAODOutputModule:NANOAODoutput  16-Jan-2022 16:50:41 EST Run: 316701 Event: 407570858
Found a branch with name Flag_ecalBadCalibFilter already present with title Trigger/flag bit (process: PAT): will add suffix _pRECO to the new branch.

%MSG
%MSG-w TriggerOutputBranches:  NanoAODOutputModule:NANOAODoutput  16-Jan-2022 16:50:41 EST Run: 316701 Event: 407570858
Found a branch with name Flag_goodVertices already present with title Trigger/flag bit (process: PAT): will add suffix _pRECO to the new branch.

%MSG
%MSG-w TriggerOutputBranches:  NanoAODOutputModule:NANOAODoutput  16-Jan-2022 16:50:41 EST Run: 316701 Event: 407570858
Found a branch with name Flag_eeBadScFilter already present with title Trigger/flag bit (process: PAT): will add suffix _pRECO to the new branch.

%MSG
%MSG-w TriggerOutputBranches:  NanoAODOutputModule:NANOAODoutput  16-Jan-2022 16:50:41 EST Run: 316701 Event: 407570858
Found a branch with name Flag_ecalLaserCorrFilter already present with title Trigger/flag bit (process: PAT): will add suffix _pRECO to the new branch.

%MSG
%MSG-w TriggerOutputBranches:  NanoAODOutputModule:NANOAODoutput  16-Jan-2022 16:50:41 EST Run: 316701 Event: 407570858
Found a branch with name Flag_trkPOGFilters already present with title Trigger/flag bit (process: PAT): will add suffix _pRECO to the new branch.

%MSG
%MSG-w TriggerOutputBranches:  NanoAODOutputModule:NANOAODoutput  16-Jan-2022 16:50:41 EST Run: 316701 Event: 407570858
Found a branch with name Flag_chargedHadronTrackResolutionFilter already present with title Trigger/flag bit (process: PAT): will add suffix _pRECO to the new branch.

%MSG
%MSG-w TriggerOutputBranches:  NanoAODOutputModule:NANOAODoutput  16-Jan-2022 16:50:41 EST Run: 316701 Event: 407570858
Found a branch with name Flag_muonBadTrackFilter already present with title Trigger/flag bit (process: PAT): will add suffix _pRECO to the new branch.

%MSG
%MSG-w TriggerOutputBranches:  NanoAODOutputModule:NANOAODoutput  16-Jan-2022 16:50:41 EST Run: 316701 Event: 407570858
Found a branch with name Flag_BadChargedCandidateFilter already present with title Trigger/flag bit (process: PAT): will add suffix _pRECO to the new branch.

%MSG
%MSG-w TriggerOutputBranches:  NanoAODOutputModule:NANOAODoutput  16-Jan-2022 16:50:41 EST Run: 316701 Event: 407570858
Found a branch with name Flag_BadPFMuonFilter already present with title Trigger/flag bit (process: PAT): will add suffix _pRECO to the new branch.

%MSG
%MSG-w TriggerOutputBranches:  NanoAODOutputModule:NANOAODoutput  16-Jan-2022 16:50:41 EST Run: 316701 Event: 407570858
Found a branch with name Flag_BadChargedCandidateSummer16Filter already present with title Trigger/flag bit (process: PAT): will add suffix _pRECO to the new branch.

%MSG
%MSG-w TriggerOutputBranches:  NanoAODOutputModule:NANOAODoutput  16-Jan-2022 16:50:41 EST Run: 316701 Event: 407570858
Found a branch with name Flag_BadPFMuonSummer16Filter already present with title Trigger/flag bit (process: PAT): will add suffix _pRECO to the new branch.

%MSG
%MSG-w TriggerOutputBranches:  NanoAODOutputModule:NANOAODoutput  16-Jan-2022 16:50:41 EST Run: 316701 Event: 407570858
Found a branch with name Flag_trkPOG_manystripclus53X already present with title Trigger/flag bit (process: PAT): will add suffix _pRECO to the new branch.

%MSG
%MSG-w TriggerOutputBranches:  NanoAODOutputModule:NANOAODoutput  16-Jan-2022 16:50:41 EST Run: 316701 Event: 407570858
Found a branch with name Flag_trkPOG_toomanystripclus53X already present with title Trigger/flag bit (process: PAT): will add suffix _pRECO to the new branch.

%MSG
%MSG-w TriggerOutputBranches:  NanoAODOutputModule:NANOAODoutput  16-Jan-2022 16:50:41 EST Run: 316701 Event: 407570858
Found a branch with name Flag_trkPOG_logErrorTooManyClusters already present with title Trigger/flag bit (process: PAT): will add suffix _pRECO to the new branch.

%MSG
%MSG-w TriggerOutputBranches:  NanoAODOutputModule:NANOAODoutput  16-Jan-2022 16:50:41 EST Run: 316701 Event: 407570858
Found a branch with name Flag_METFilters already present with title Trigger/flag bit (process: PAT): will add suffix _pRECO to the new branch.

%MSG
%MSG-w FreeTrajectoryState:   InclusiveCandidateVertexFinder:inclusiveCandidateVertexFinderCvsL  16-Jan-2022 16:51:31 EST Run: 316701 Event: 407247268
(was exception) FreeTrajectoryState: attempt to access errors when none available
Curvilinear error valid/values :0
[ -2.54851e+16 1.00659e+16-2.31583e+16-0.000854887 -0.00163234
   1.00659e+16-2.70175e+15 6.19224e+15 0.000223898 0.000426594
  -2.31583e+16 6.19224e+15-1.46384e+16-0.000792644 -0.00154472
  -0.000854887 0.000223898-0.000792644 0.000267411 0.000539381
   -0.00163234 0.000426594 -0.00154472 0.000539381  0.00109777 ]
%MSG
Begin processing the 1001st record. Run 316701, Event 406611740, LumiSection 283 on stream 0 at 16-Jan-2022 16:52:28.313 EST
%MSG-w FreeTrajectoryState:   InclusiveCandidateVertexFinder:inclusiveCandidateVertexFinderCvsL  16-Jan-2022 16:52:45 EST Run: 316701 Event: 406755169
(was exception) FreeTrajectoryState: attempt to access errors when none available
Curvilinear error valid/values :0
[ -5.74505e+21 6.77588e+18-7.33057e+18     6018.03       60020
   6.77588e+18-7.99165e+15 8.64597e+15    -7.09833    -70.7943
  -7.33057e+18 8.64597e+15-9.32685e+15     7.62742     76.0711
       6018.03    -7.09833     7.62742   0.0390517    0.389433
         60020    -70.7943     76.0711    0.389433     3.88386 ]
%MSG
%MSG-w FreeTrajectoryState:   InclusiveCandidateVertexFinder:inclusiveCandidateVertexFinderCvsL  16-Jan-2022 16:53:53 EST Run: 316701 Event: 407619701
(was exception) FreeTrajectoryState: attempt to access errors when none available
Curvilinear error valid/values :0
[ -9.08278e+14 1.29229e+14-9.54269e+14     2.95636     3.30793
   1.29229e+14-2.44224e+12 1.13808e+14   -0.275441   -0.308197
  -9.54269e+14 1.13808e+14-1.23917e+14    0.858185    0.960238
       2.95636   -0.275441    0.858185      1.3253     1.48291
       3.30793   -0.308197    0.960238     1.48291     1.65926 ]
%MSG
Begin processing the 2001st record. Run 316701, Event 407560792, LumiSection 283 on stream 0 at 16-Jan-2022 16:54:12.161 EST
%MSG-w FreeTrajectoryState:   InclusiveCandidateVertexFinder:inclusiveCandidateVertexFinderCvsL  16-Jan-2022 16:54:13 EST Run: 316701 Event: 407139738
(was exception) FreeTrajectoryState: attempt to access errors when none available
Curvilinear error valid/values :0
[ -4.15784e+15 1.54596e+15-4.97931e+15 -0.00724805 -0.00444584
   1.54596e+15 1.89254e+14 -7.3622e+13-0.000111947-6.86748e-05
  -4.97931e+15 -7.3622e+13 2.89447e+14-0.000692669-0.000424949
   -0.00724805-0.000111947-0.000692669  0.00191139  0.00117164
   -0.00444584-6.86748e-05-0.000424949  0.00117164 0.000718726 ]
%MSG
Begin processing the 3001st record. Run 316701, Event 407308865, LumiSection 283 on stream 0 at 16-Jan-2022 16:55:55.755 EST
%MSG-w FreeTrajectoryState:   InclusiveCandidateVertexFinder:inclusiveCandidateVertexFinderCvsL  16-Jan-2022 16:57:11 EST Run: 316701 Event: 406627820
(was exception) FreeTrajectoryState: attempt to access errors when none available
Curvilinear error valid/values :0
[ -8.52111e+13-6.96496e+13 4.56445e+12   0.0107452    0.166836
  -6.96496e+13-3.87741e+13 1.81813e+13  0.00612729   0.0951351
   4.56445e+12 1.81813e+13 8.61123e+13 -0.00141191  -0.0219408
     0.0107452  0.00612729 -0.00141191   0.0165368    0.256649
      0.166836   0.0951351  -0.0219408    0.256649     3.98449 ]
%MSG
Begin processing the 4001st record. Run 316701, Event 407778569, LumiSection 283 on stream 0 at 16-Jan-2022 16:57:38.183 EST
%MSG-w FreeTrajectoryState:   InclusiveCandidateVertexFinder:inclusiveCandidateVertexFinderCvsL  16-Jan-2022 16:57:40 EST Run: 316701 Event: 406406536
(was exception) FreeTrajectoryState: attempt to access errors when none available
Curvilinear error valid/values :0
[ -2.64681e+17 4.70738e+15 3.73998e+15     5.42705    -1.70876
   4.70738e+15 3.97044e+13 4.72228e+12   0.0174397 -0.00549104
   3.73998e+15 4.72228e+12 9.85855e+14 -0.00305028 0.000960325
       5.42705   0.0174397 -0.00305028  0.00874339 -0.00275261
      -1.70876 -0.00549104 0.000960325 -0.00275261 0.000867863 ]
%MSG
%MSG-w FreeTrajectoryState:   InclusiveCandidateVertexFinder:inclusiveCandidateVertexFinderCvsL  16-Jan-2022 16:58:49 EST Run: 316701 Event: 406320563
(was exception) FreeTrajectoryState: attempt to access errors when none available
Curvilinear error valid/values :0
[ -6.04844e+16-2.58976e+14-8.21335e+15 0.000311254  0.00114174
  -2.58976e+14 4.94115e+13-2.71556e+13 8.05028e-05  0.00024783
  -8.21335e+15-2.71556e+13-9.63196e+14  2.4241e-05 0.000101903
   0.000311254 8.05028e-05  2.4241e-05  0.00014594 0.000355968
    0.00114174  0.00024783 0.000101903 0.000355968  0.00114116 ]
%MSG
%MSG-w FreeTrajectoryState:   InclusiveCandidateVertexFinder:inclusiveCandidateVertexFinderCvsL  16-Jan-2022 16:59:13 EST Run: 316701 Event: 407723254
(was exception) FreeTrajectoryState: attempt to access errors when none available
Curvilinear error valid/values :0
[ -2.38942e+16-1.33069e+14 1.39577e+16 0.000246508-0.000148861
  -1.33069e+14  2.6949e+12 6.33472e+13-5.04555e-05 1.96846e-05
   1.39577e+16 6.33472e+13-6.36317e+15-0.000250096 0.000132593
   0.000246508-5.04555e-05-0.000250096  0.00211005-0.000696102
  -0.000148861 1.96846e-05 0.000132593-0.000696102  0.00033169 ]
%MSG
Begin processing the 5001st record. Run 316701, Event 406611026, LumiSection 283 on stream 0 at 16-Jan-2022 16:59:20.249 EST
%MSG-w FreeTrajectoryState:   InclusiveCandidateVertexFinder:inclusiveCandidateVertexFinderCvsL  16-Jan-2022 17:00:55 EST Run: 316701 Event: 421330170
(was exception) FreeTrajectoryState: attempt to access errors when none available
Curvilinear error valid/values :0
[ -1.67692e+16 7.70003e+16-1.69699e+14-0.000753805  0.00751747
   7.70003e+16-1.45951e+17 2.68544e+14  0.00142877  -0.0142489
  -1.69699e+14 2.68544e+14-2.74517e+12-2.36957e-05 0.000113931
  -0.000753805  0.00142877-2.36957e-05  6.9071e-05-0.000260455
    0.00751747  -0.0142489 0.000113931-0.000260455  0.00264546 ]
%MSG
Begin processing the 6001st record. Run 316701, Event 420762385, LumiSection 293 on stream 0 at 16-Jan-2022 17:01:03.794 EST
%MSG-w FreeTrajectoryState:   InclusiveCandidateVertexFinder:inclusiveCandidateVertexFinderCvsL  16-Jan-2022 17:01:06 EST Run: 316701 Event: 420649489
(was exception) FreeTrajectoryState: attempt to access errors when none available
Curvilinear error valid/values :0
[ -2.93559e+16 1.13684e+17 1.55785e+13 4.97461e-06 3.29084e-05
   1.13684e+17-2.33053e+17-3.19306e+13 -1.0198e-05-6.74626e-05
   1.55785e+13-3.19306e+13 8.46505e+13-6.62612e-06-3.22297e-06
   4.97461e-06 -1.0198e-05-6.62612e-06 2.23224e-05 1.23759e-05
   3.29084e-05-6.74626e-05-3.22297e-06 1.23759e-05 3.11895e-05 ]
%MSG
%MSG-w FreeTrajectoryState:   InclusiveCandidateVertexFinder:inclusiveCandidateVertexFinderCvsL  16-Jan-2022 17:02:11 EST Run: 316701 Event: 421303523
(was exception) FreeTrajectoryState: attempt to access errors when none available
Curvilinear error valid/values :0
[ -1.28498e+17-1.93991e+15 1.55655e+14 1.60545e-05 0.000201526
  -1.93991e+15 1.49089e+14-3.25362e+13 2.28126e-07 2.37718e-06
   1.55655e+14-3.25362e+13 7.74761e+14-1.14663e-07 2.08952e-06
   1.60545e-05 2.28126e-07-1.14663e-07 1.44751e-06 1.82369e-06
   0.000201526 2.37718e-06 2.08952e-06 1.82369e-06  7.5226e-06 ]
%MSG
%MSG-w FreeTrajectoryState:   InclusiveCandidateVertexFinder:inclusiveCandidateVertexFinderCvsL  16-Jan-2022 17:02:35 EST Run: 316701 Event: 420536111
(was exception) FreeTrajectoryState: attempt to access errors when none available
Curvilinear error valid/values :0
[ -3.55499e+14-4.20358e+11-1.87582e+14-1.45654e-05 1.29942e-06
  -4.20358e+11  4.1363e+12-2.53381e+12-1.32451e-06 5.74718e-08
  -1.87582e+14-2.53381e+12-4.82573e+13-7.55078e-06 6.95918e-07
  -1.45654e-05-1.32451e-06-7.55078e-06 7.31127e-05-8.64012e-06
   1.29942e-06 5.74718e-08 6.95918e-07-8.64012e-06 1.83695e-06 ]
%MSG
Begin processing the 7001st record. Run 316701, Event 420572106, LumiSection 293 on stream 0 at 16-Jan-2022 17:02:51.528 EST
%MSG-w FreeTrajectoryState:   InclusiveCandidateVertexFinder:inclusiveCandidateVertexFinderCvsL  16-Jan-2022 17:03:16 EST Run: 316701 Event: 421637833
(was exception) FreeTrajectoryState: attempt to access errors when none available
Curvilinear error valid/values :0
[ -7.97105e+12-2.73088e+13-2.92658e+13    -9.33571     3.42256
  -2.73088e+13-1.58679e+12-6.97491e+11    -1.82047    0.667402
  -2.92658e+13-6.97491e+11 2.01566e+12    -1.09793    0.402507
      -9.33571    -1.82047    -1.09793     9.44716     -3.4634
       3.42256    0.667402    0.402507     -3.4634     1.26973 ]
%MSG
%MSG-w FreeTrajectoryState:   InclusiveCandidateVertexFinder:inclusiveCandidateVertexFinderCvsL  16-Jan-2022 17:03:57 EST Run: 316701 Event: 420798481
(was exception) FreeTrajectoryState: attempt to access errors when none available
Curvilinear error valid/values :0
[ -1.09829e+16 3.02176e+16 1.31049e+15 1.11021e-05 2.47145e-05
   3.02176e+16 -6.3504e+16-2.94018e+15-2.36461e-05-5.20356e-05
   1.31049e+15-2.94018e+15-2.93708e+16-8.72456e-05-2.72464e-05
   1.11021e-05-2.36461e-05-8.72456e-05 3.08908e-05 3.32734e-05
   2.47145e-05-5.20356e-05-2.72464e-05 3.32734e-05 7.43282e-05 ]
%MSG
%MSG-w FreeTrajectoryState:   InclusiveCandidateVertexFinder:inclusiveCandidateVertexFinderCvsL  16-Jan-2022 17:03:58 EST Run: 316701 Event: 421880216
(was exception) FreeTrajectoryState: attempt to access errors when none available
Curvilinear error valid/values :0
[  -1.3416e+13-8.73568e+12  3.5551e+13 0.000195279 4.63746e-05
  -8.73568e+12 5.87175e+12-2.99332e+11-1.86368e-06-4.47406e-07
    3.5551e+13-2.99332e+11 3.57869e+13-0.000110387-2.60877e-05
   0.000195279-1.86368e-06-0.000110387  0.00100198 0.000233246
   4.63746e-05-4.47406e-07-2.60877e-05 0.000233246 5.55527e-05 ]
%MSG
%MSG-w FreeTrajectoryState:   InclusiveCandidateVertexFinder:inclusiveCandidateVertexFinderCvsL  16-Jan-2022 17:04:20 EST Run: 316701 Event: 421786852
(was exception) FreeTrajectoryState: attempt to access errors when none available
Curvilinear error valid/values :0
[ -1.11553e+18 1.68182e+16 1.07665e+17   0.0142352  0.00223321
   1.68182e+16 -2.5235e+14-1.57333e+15-0.000207185-3.25021e-05
   1.07665e+17-1.57333e+15-7.46807e+15-0.000988599-0.000154999
     0.0142352-0.000207185-0.000988599 0.000170241 2.73885e-05
    0.00223321-3.25021e-05-0.000154999 2.73885e-05  4.8623e-06 ]
%MSG
Begin processing the 8001st record. Run 316701, Event 421469194, LumiSection 293 on stream 0 at 16-Jan-2022 17:04:34.262 EST
Begin processing the 9001st record. Run 316701, Event 420996787, LumiSection 293 on stream 0 at 16-Jan-2022 17:06:16.307 EST
%MSG-w FreeTrajectoryState:   InclusiveCandidateVertexFinder:inclusiveCandidateVertexFinderCvsL  16-Jan-2022 17:06:29 EST Run: 316701 Event: 420856862
(was exception) FreeTrajectoryState: attempt to access errors when none available
Curvilinear error valid/values :0
[ -1.60527e+15-6.44595e+14  2.5365e+14 9.85297e-05  0.00127756
  -6.44595e+14-1.28712e+14 1.00365e+14 1.99005e-05 0.000256304
    2.5365e+14 1.00365e+14 2.76673e+14-1.12417e-05-0.000131255
   9.85297e-05 1.99005e-05-1.12417e-05 1.55698e-05 0.000170082
    0.00127756 0.000256304-0.000131255 0.000170082  0.00213181 ]
%MSG
Begin processing the 10001st record. Run 316701, Event 421085661, LumiSection 293 on stream 0 at 16-Jan-2022 17:08:02.138 EST
%MSG-w FreeTrajectoryState:   InclusiveCandidateVertexFinder:inclusiveCandidateVertexFinderCvsL  16-Jan-2022 17:09:25 EST Run: 316701 Event: 420613493
(was exception) FreeTrajectoryState: attempt to access errors when none available
Curvilinear error valid/values :0
[  -5.9227e+15-1.82954e+15-3.98199e+15-0.000510534-0.000949574
  -1.82954e+15-3.54124e+14-7.31566e+14-0.000100191-0.000186331
  -3.98199e+15-7.31566e+14-2.25624e+15-0.000288658-0.000538219
  -0.000510534-0.000100191-0.000288658 5.01306e-05 8.90583e-05
  -0.000949574-0.000186331-0.000538219 8.90583e-05 0.000165631 ]
%MSG
Begin processing the 11001st record. Run 316701, Event 440912265, LumiSection 306 on stream 0 at 16-Jan-2022 17:09:45.563 EST
%MSG-w FreeTrajectoryState:   InclusiveCandidateVertexFinder:inclusiveCandidateVertexFinderCvsL  16-Jan-2022 17:10:55 EST Run: 316701 Event: 441269583
(was exception) FreeTrajectoryState: attempt to access errors when none available
Curvilinear error valid/values :0
[ -8.09893e+15-1.69695e+16-1.27174e+15 0.000103941-9.00317e-05
  -1.69695e+16-3.44942e+16-2.58411e+15 0.000211284-0.000183009
  -1.27174e+15-2.58411e+15-6.61503e+17-1.02487e-05 6.03241e-06
   0.000103941 0.000211284-1.02487e-05 7.04303e-06-5.35831e-06
  -9.00317e-05-0.000183009 6.03241e-06-5.35831e-06 5.42707e-06 ]
%MSG
%MSG-w FreeTrajectoryState:   InclusiveCandidateVertexFinder:inclusiveCandidateVertexFinderCvsL  16-Jan-2022 17:10:55 EST Run: 316701 Event: 441269583
(was exception) FreeTrajectoryState: attempt to access errors when none available
Curvilinear error valid/values :0
[ -1.81381e+16-2.76756e+16 6.89662e+15-3.35466e-05 3.87765e-05
  -2.76756e+16-4.22281e+16  1.0523e+16-5.11862e-05  5.9166e-05
   6.89662e+15  1.0523e+16-8.18774e+17-9.04305e-06-1.25062e-05
  -3.35466e-05-5.11862e-05-9.04305e-06 5.41002e-06-2.64186e-06
   3.87765e-05  5.9166e-05-1.25062e-05-2.64186e-06 6.60753e-06 ]
%MSG
Begin processing the 12001st record. Run 316701, Event 441588843, LumiSection 306 on stream 0 at 16-Jan-2022 17:11:29.554 EST
%MSG-w FreeTrajectoryState:   InclusiveCandidateVertexFinder:inclusiveCandidateVertexFinderCvsL  16-Jan-2022 17:11:52 EST Run: 316701 Event: 441033843
(was exception) FreeTrajectoryState: attempt to access errors when none available
Curvilinear error valid/values :0
[ -6.33268e+15-7.51561e+15 5.82793e+14 3.68744e-05-3.10404e-05
  -7.51561e+15-6.46926e+15 6.20263e+14  3.1831e-05-2.67765e-05
   5.82793e+14 6.20263e+14-1.33831e+15-1.57776e-05 1.12278e-05
   3.68744e-05  3.1831e-05-1.57776e-05 9.48944e-05-6.79634e-05
  -3.10404e-05-2.67765e-05 1.12278e-05-6.79634e-05 5.71065e-05 ]
%MSG
%MSG-w FreeTrajectoryState:   InclusiveCandidateVertexFinder:inclusiveCandidateVertexFinderCvsL  16-Jan-2022 17:12:21 EST Run: 316701 Event: 441495576
(was exception) FreeTrajectoryState: attempt to access errors when none available
Curvilinear error valid/values :0
[ -4.25566e+10 4.66202e+09 5.84354e+08  0.00119537  0.00514045
   4.66202e+09-5.10718e+08-6.40152e+07-0.000130951-0.000563129
   5.84354e+08-6.40152e+07 1.72657e+07 3.43033e-05-5.08045e-05
    0.00119537-0.000130951 3.43033e-05 7.66977e-07  2.7837e-07
    0.00514045-0.000563129-5.08045e-05  2.7837e-07 1.49169e-06 ]
%MSG
%MSG-w FreeTrajectoryState:   InclusiveCandidateVertexFinder:inclusiveCandidateVertexFinderCvsL  16-Jan-2022 17:12:24 EST Run: 316701 Event: 441560662
(was exception) FreeTrajectoryState: attempt to access errors when none available
Curvilinear error valid/values :0
[ -4.48269e+16 8.35118e+16-9.02625e+13 3.41923e-06 8.52502e-05
   8.35118e+16-1.21651e+17 1.01468e+14-4.98386e-06-0.000124183
  -9.02625e+13 1.01468e+14-9.46878e+12-3.80528e-06 -6.1896e-08
   3.41923e-06-4.98386e-06-3.80528e-06 1.30791e-05 5.18389e-07
   8.52502e-05-0.000124183 -6.1896e-08 5.18389e-07 1.56518e-05 ]
%MSG
%MSG-w FreeTrajectoryState:   InclusiveCandidateVertexFinder:inclusiveCandidateVertexFinderCvsL  16-Jan-2022 17:12:24 EST Run: 316701 Event: 441560662
(was exception) FreeTrajectoryState: attempt to access errors when none available
Curvilinear error valid/values :0
[ -6.69776e+15 3.63485e+16-3.08624e+13 2.15832e-05 2.33009e-05
   3.63485e+16 -6.0524e+16 5.13888e+13-3.59383e-05-3.87985e-05
  -3.08624e+13 5.13888e+13-9.10942e+12-2.66882e-06-2.16542e-06
   2.15832e-05-3.59383e-05-2.66882e-06 9.29663e-06 7.54789e-06
   2.33009e-05-3.87985e-05-2.16542e-06 7.54789e-06 8.43994e-06 ]
%MSG
Begin processing the 13001st record. Run 316701, Event 440428652, LumiSection 306 on stream 0 at 16-Jan-2022 17:13:17.928 EST
%MSG-w FreeTrajectoryState:   InclusiveCandidateVertexFinder:inclusiveCandidateVertexFinderCvsL  16-Jan-2022 17:14:02 EST Run: 316701 Event: 440546798
(was exception) FreeTrajectoryState: attempt to access errors when none available
Curvilinear error valid/values :0
[ -6.24067e+16-2.02553e+15-5.26982e+15 2.47304e-05 -7.0138e-05
  -2.02553e+15-3.97646e+13 1.28166e+14 1.55214e-06-3.51127e-06
  -5.26982e+15 1.28166e+14 2.14143e+16-1.00787e-05 2.23279e-05
   2.47304e-05 1.55214e-06-1.00787e-05 3.33626e-05-6.60787e-05
   -7.0138e-05-3.51127e-06 2.23279e-05-6.60787e-05  0.00013668 ]
%MSG
%MSG-w FreeTrajectoryState:   InclusiveCandidateVertexFinder:inclusiveCandidateVertexFinderCvsL  16-Jan-2022 17:14:48 EST Run: 316701 Event: 440830077
(was exception) FreeTrajectoryState: attempt to access errors when none available
Curvilinear error valid/values :0
[ -1.20382e+17-1.08033e+15-4.80563e+15  -0.0473269   0.0063259
  -1.08033e+15 2.05301e+13  6.1592e+13  0.00013859-1.85175e-05
  -4.80563e+15  6.1592e+13-2.53067e+14  0.00172226-0.000230834
    -0.0473269  0.00013859  0.00172226 -0.00226957  0.00030474
     0.0063259-1.85175e-05-0.000230834  0.00030474-4.01665e-05 ]
%MSG
Begin processing the 14001st record. Run 316701, Event 441019285, LumiSection 306 on stream 0 at 16-Jan-2022 17:15:01.194 EST
Begin processing the 15001st record. Run 316701, Event 440895260, LumiSection 306 on stream 0 at 16-Jan-2022 17:16:42.124 EST
Begin processing the 16001st record. Run 316701, Event 440706421, LumiSection 306 on stream 0 at 16-Jan-2022 17:18:24.469 EST
%MSG-w FreeTrajectoryState:   InclusiveCandidateVertexFinder:inclusiveCandidateVertexFinderCvsL  16-Jan-2022 17:18:43 EST Run: 316701 Event: 441321029
(was exception) FreeTrajectoryState: attempt to access errors when none available
Curvilinear error valid/values :0
[ -4.44443e+17 6.52728e+17-2.93561e+18  0.00126817  0.00134882
   6.52728e+17-9.58516e+17 4.31086e+18 -0.00186227 -0.00198071
  -2.93561e+18 4.31086e+18 -3.0413e+19   0.0100289   0.0107455
    0.00126817 -0.00186227   0.0100289 0.000179176 0.000172468
    0.00134882 -0.00198071   0.0107455 0.000172468 0.000170948 ]
%MSG
%MSG-w FreeTrajectoryState:   InclusiveCandidateVertexFinder:inclusiveCandidateVertexFinderCvsL  16-Jan-2022 17:19:48 EST Run: 316701 Event: 553764581
(was exception) FreeTrajectoryState: attempt to access errors when none available
Curvilinear error valid/values :0
[ -7.07979e+13 1.50418e+13-6.53397e+13    -1.55704     1.03906
   1.50418e+13-1.48862e+12 1.06333e+13    0.184023   -0.122804
  -6.53397e+13 1.06333e+13-2.79007e+13    -1.07384    0.716607
      -1.55704    0.184023    -1.07384     6.08393    -4.05992
       1.03906   -0.122804    0.716607    -4.05992     2.70926 ]
%MSG
Begin processing the 17001st record. Run 316701, Event 554675118, LumiSection 384 on stream 0 at 16-Jan-2022 17:20:05.809 EST
%MSG-w FreeTrajectoryState:   InclusiveCandidateVertexFinder:inclusiveCandidateVertexFinderCvsL  16-Jan-2022 17:21:39 EST Run: 316701 Event: 553900808
(was exception) FreeTrajectoryState: attempt to access errors when none available
Curvilinear error valid/values :0
[ -1.15582e+13 2.04286e+13 1.50819e+09-2.02738e-06 4.68148e-05
   2.04286e+13-2.97612e+13 -4.8706e+09   2.953e-06-6.82015e-05
   1.50819e+09 -4.8706e+09 1.54803e+09-2.43762e-06 2.99391e-07
  -2.02738e-06   2.953e-06-2.43762e-06 9.48469e-06-1.15917e-06
   4.68148e-05-6.82015e-05 2.99391e-07-1.15917e-06 1.27021e-05 ]
%MSG
Begin processing the 18001st record. Run 316701, Event 553858888, LumiSection 384 on stream 0 at 16-Jan-2022 17:21:47.902 EST
%MSG-w FreeTrajectoryState:   InclusiveCandidateVertexFinder:inclusiveCandidateVertexFinderCvsL  16-Jan-2022 17:22:44 EST Run: 316701 Event: 554113309
(was exception) FreeTrajectoryState: attempt to access errors when none available
Curvilinear error valid/values :0
[ -7.29473e+15 2.65128e+14-1.32311e+15   0.0172106 -0.00198984
   2.65128e+14 8.94839e+13  1.8208e+13-0.000370137 4.24517e-05
  -1.32311e+15  1.8208e+13-2.92626e+13  0.00239796-0.000277114
     0.0172106-0.000370137  0.00239796  0.00717441-0.000828272
   -0.00198984 4.24517e-05-0.000277114-0.000828272 9.70185e-05 ]
%MSG
Begin processing the 19001st record. Run 316701, Event 553383224, LumiSection 384 on stream 0 at 16-Jan-2022 17:23:31.630 EST
%MSG-w FreeTrajectoryState:   InclusiveCandidateVertexFinder:inclusiveCandidateVertexFinderCvsL  16-Jan-2022 17:24:01 EST Run: 316701 Event: 554689266
(was exception) FreeTrajectoryState: attempt to access errors when none available
Curvilinear error valid/values :0
[ -7.70619e+16 -3.9263e+15-1.37185e+16   -0.360757   -0.246796
   -3.9263e+15 -1.9532e+14-6.74594e+14  -0.0173668  -0.0118808
  -1.37185e+16-6.74594e+14-1.61532e+15  -0.0562489  -0.0384819
     -0.360757  -0.0173668  -0.0562489   0.0179779   0.0122873
     -0.246796  -0.0118808  -0.0384819   0.0122873  0.00840122 ]
%MSG
%MSG-w FreeTrajectoryState:   InclusiveCandidateVertexFinder:inclusiveCandidateVertexFinderCvsL  16-Jan-2022 17:24:02 EST Run: 316701 Event: 553835059
(was exception) FreeTrajectoryState: attempt to access errors when none available
Curvilinear error valid/values :0
[  -4.2646e+13-2.07258e+13 -9.1441e+11  0.00981008  0.00399634
  -2.07258e+13-1.00467e+13-1.78263e+11   0.0047529  0.00193619
   -9.1441e+11-1.78263e+11 3.46783e+13  -0.0216519 -0.00881653
    0.00981008   0.0047529  -0.0216519   0.0885581   0.0360701
    0.00399634  0.00193619 -0.00881653   0.0360701   0.0146989 ]
%MSG
%MSG-w FreeTrajectoryState:   InclusiveCandidateVertexFinder:inclusiveCandidateVertexFinderCvsL  16-Jan-2022 17:24:16 EST Run: 316701 Event: 553511298
(was exception) FreeTrajectoryState: attempt to access errors when none available
Curvilinear error valid/values :0
[  -2.9823e+14 1.73182e+14 5.09675e+13 9.62854e-05-0.000206718
   1.73182e+14-5.53302e+13 -1.0616e+13-3.05921e-05 6.56498e-05
   5.09675e+13 -1.0616e+13 4.89278e+12-1.45743e-05 3.15091e-05
   9.62854e-05-3.05921e-05-1.45743e-05 5.86974e-05-0.000124612
  -0.000206718 6.56498e-05 3.15091e-05-0.000124612 0.000266717 ]
%MSG
%MSG-w FreeTrajectoryState:   InclusiveCandidateVertexFinder:inclusiveCandidateVertexFinderCvsL  16-Jan-2022 17:24:42 EST Run: 316701 Event: 554753981
(was exception) FreeTrajectoryState: attempt to access errors when none available
Curvilinear error valid/values :0
[ -3.09221e+14-5.55191e+13-3.85615e+14-0.000741105 0.000111768
  -5.55191e+13 4.05972e+12-2.52259e+13 0.000149702-2.39434e-05
  -3.85615e+14-2.52259e+13-1.27175e+14 -0.00052133  7.9058e-05
  -0.000741105 0.000149702 -0.00052133   0.0330726 -0.00519498
   0.000111768-2.39434e-05  7.9058e-05 -0.00519498 0.000816979 ]
%MSG
Begin processing the 20001st record. Run 316701, Event 554627787, LumiSection 384 on stream 0 at 16-Jan-2022 17:25:13.093 EST
%MSG-w FreeTrajectoryState:   InclusiveCandidateVertexFinder:inclusiveCandidateVertexFinderCvsL  16-Jan-2022 17:25:34 EST Run: 316701 Event: 554296466
(was exception) FreeTrajectoryState: attempt to access errors when none available
Curvilinear error valid/values :0
[ -1.33136e+16-9.43052e+14 2.44796e+14   0.0591146   -0.583709
  -9.43052e+14-3.03271e+13 6.84279e+13  0.00386395  -0.0381505
   2.44796e+14 6.84279e+13 1.32658e+15 -0.00603816   0.0596213
     0.0591146  0.00386395 -0.00603816  0.00847003  -0.0835595
     -0.583709  -0.0381505   0.0596213  -0.0835595    0.824893 ]
%MSG
%MSG-w FreeTrajectoryState:   InclusiveCandidateVertexFinder:inclusiveCandidateVertexFinderCvsL  16-Jan-2022 17:25:50 EST Run: 316701 Event: 553789954
(was exception) FreeTrajectoryState: attempt to access errors when none available
Curvilinear error valid/values :0
[ -1.03157e+17  8.9324e+16 2.27879e+14 6.83571e-05 0.000206262
    8.9324e+16-7.49933e+16-2.00507e+14-5.73912e-05-0.000173171
   2.27879e+14-2.00507e+14-8.86718e+11-5.93001e-06-1.35887e-06
   6.83571e-05-5.73912e-05-5.93001e-06 2.01885e-05   3.297e-06
   0.000206262-0.000173171-1.35887e-06   3.297e-06 2.57536e-05 ]
%MSG
%MSG-w FreeTrajectoryState:   InclusiveCandidateVertexFinder:inclusiveCandidateVertexFinderCvsL  16-Jan-2022 17:26:33 EST Run: 316701 Event: 554758174
(was exception) FreeTrajectoryState: attempt to access errors when none available
Curvilinear error valid/values :0
[ -5.78719e+10 2.35384e+12 1.80772e+13  0.00377861   0.0753309
   2.35384e+12 5.00543e+12  2.9759e+13    0.002846   0.0567447
   1.80772e+13  2.9759e+13 1.52089e+14  0.00423076    0.084159
    0.00377861    0.002846  0.00423076  0.00671831      0.1115
     0.0753309   0.0567447    0.084159      0.1115     2.26169 ]
%MSG
%MSG-w FreeTrajectoryState:   InclusiveCandidateVertexFinder:inclusiveCandidateVertexFinderCvsL  16-Jan-2022 17:26:41 EST Run: 316701 Event: 553968614
(was exception) FreeTrajectoryState: attempt to access errors when none available
Curvilinear error valid/values :0
[ -3.42356e+16 2.47646e+16 6.15146e+16 1.59507e-06-0.000339193
   2.47646e+16-1.76122e+16-4.37513e+16-1.13438e-06 0.000241227
   6.15146e+16-4.37513e+16-8.28701e+16-2.85229e-06 0.000665521
   1.59507e-06-1.13438e-06-2.85229e-06  1.2391e-05-1.44451e-05
  -0.000339193 0.000241227 0.000665521-1.44451e-05  0.00601603 ]
%MSG
Begin processing the 21001st record. Run 316701, Event 553811706, LumiSection 384 on stream 0 at 16-Jan-2022 17:26:55.371 EST
%MSG-w FreeTrajectoryState:   InclusiveCandidateVertexFinder:inclusiveCandidateVertexFinderCvsL  16-Jan-2022 17:27:38 EST Run: 316701 Event: 554801237
(was exception) FreeTrajectoryState: attempt to access errors when none available
Curvilinear error valid/values :0
[ -1.19647e+15-8.56667e+15-3.98855e+16 1.54142e-06-4.02589e-06
  -8.56667e+15-3.19395e+16-1.48707e+17 5.74692e-06-1.50099e-05
  -3.98855e+16-1.48707e+17-1.06005e+18 3.21054e-05-7.62745e-05
   1.54142e-06 5.74692e-06 3.21054e-05 1.04493e-05-2.00559e-05
  -4.02589e-06-1.50099e-05-7.62745e-05-2.00559e-05 4.14242e-05 ]
%MSG
%MSG-w FreeTrajectoryState:   InclusiveCandidateVertexFinder:inclusiveCandidateVertexFinderCvsL  16-Jan-2022 17:28:24 EST Run: 316701 Event: 571433503
(was exception) FreeTrajectoryState: attempt to access errors when none available
Curvilinear error valid/values :0
[ -8.03966e+13 4.30657e+13-3.08931e+15-7.77556e-07 1.89477e-07
   4.30657e+13-4.56486e+10 3.38041e+13-9.06297e-08-3.59428e-08
  -3.08931e+15 3.38041e+13-2.54856e+15-8.46087e-07 1.93955e-07
  -7.77556e-07-9.06297e-08-8.46087e-07 5.91318e-06-9.36659e-07
   1.89477e-07-3.59428e-08 1.93955e-07-9.36659e-07 1.04973e-06 ]
%MSG
Begin processing the 22001st record. Run 316701, Event 571679401, LumiSection 397 on stream 0 at 16-Jan-2022 17:28:37.088 EST
Begin processing the 23001st record. Run 316701, Event 572428225, LumiSection 397 on stream 0 at 16-Jan-2022 17:30:17.079 EST
%MSG-w FreeTrajectoryState:   InclusiveCandidateVertexFinder:inclusiveCandidateVertexFinderCvsL  16-Jan-2022 17:30:33 EST Run: 316701 Event: 572241868
(was exception) FreeTrajectoryState: attempt to access errors when none available
Curvilinear error valid/values :0
